213 524 3
924 425 11
985 571 15
907 241 15
968 825 16
304 337 18
705 798 0
944 586 16
777 535 22
932 114 18
213 524 26
861 510 16
308 303 30
53 29 30
774 807 42
924 425 42
44 884 15
907 968 43
168 215 43
746 249 45
304 337 5
907 241 15
944 586 29
77 941 53
925 574 54
737 436 63
205 329 63
267 436 31
733 687 29
777 535 55
119 287 79
944 586 62
267 436 74
53 29 53
968 825 64
968 825 7
861 510 26
308 303 35
925 574 44
746 249 48
119 287 53
733 687 53
44 884 22
925 574 18
932 114 2
308 303 21
168 215 21
304 337 31
737 436 40
308 303 7
907 241 39
44 884 41
53 29 43
304 337 13
774 807 31
932 114 56
119 287 57
53 29 8
985 571 59
304 337 7
985 571 18
213 524 34
774 807 9
968 825 64
925 574 72
944 586 78
907 968 86
924 425 93 
