518 242 1
703 656 2
967 782 2
657 220 5
553 863 7
277 752 12
540 887 12
324 653 18
121 653 20
664 992 15
657 220 16
281 271 28
87 185 29
200 352 30
868 451 33
281 271 17
430 733 31
69 807 34
920 46 39
920 979 42
838 256 45
933 551 50
85 232 53
676 698 55
334 308 60
980 379 10
703 656 17
553 863 61
277 752 63
657 220 76
980 379 84
868 451 86
540 887 98
200 352 16
703 656 64
868 451 26
518 242 30
657 220 31
920 979 71
980 379 84
920 46 54
87 185 36
920 979 63
703 656 62
540 887 0
868 451 33
657 220 63
676 698 13
281 271 100
87 185 2
967 782 15
121 653 43
69 807 21
553 863 48
933 551 11
868 451 41
920 46 18
933 551 8
324 653 0
69 807 15
920 46 16
334 308 19
838 256 32
121 653 49
518 242 68
676 698 78
664 992 79
430 733 82
980 379 92
920 979 99 
